1236222650 2138674309 762396402 2018233290 2811305442 1792824898 3412280640 3890892805
2570591717 1625603395 3527249475 1518189310 3015732817 3241979469 1410558238 1385869100
3380775030 287348222 1719020507 4156977889 1456917541 998456817 3714691504 1316298511 
2345928015 3042680163 4261129465 4031487757 904320575 1400202223 3563221648 260655405
2248935149 3229112558 2390290663 1116494061 3602136876 2749819231 49088060 4041329368
2517110826 253545581 3055881083 2118220570 961242 1034609783 2054588105 4286832403
66051 67438087 134810123 202182159 269554195 336926231 404298267 471670303 539042339 606414375 673786411 741158447 808523520
260445309 1264894531 130619694 91883155 
1581241827 1915706763 2156419327 3544611244 
852720475 2508367442 1317440616 2303530543 
3767437828 3238354638 3645509970 3458232318 
4018441111 1970510031 3703932592 3975422572 
1331500120 2876724474 3153451209 2902867137 
3785750481 3284131930 2368645788 2099735152 
2651797448 2212329846 1150264533 887974875 
3273933985 1545014473 2410769852 253860955 
3328436948 4282401743 3595257465 3723369930 
1651064309 1551820826 2402068516 3497111134 
3445738266 2372098303 1635866827 1308040455 
249359280 1738651013 3046638009 1971988051 
1091564434 2538909048 776834063 1446185382 
3697646140 2099362933 26628532 3715448263 
1374967473 3575664633 187457047 3415493381 
583545243 1680250803 316812429 1077410927 
322680264 3635629780 2473260726 569452189 
3059505894 191192424 3757232640 199260493 
2291569874 2906717720 1972902795 2433899320 
630434862 2271611417 341765864 415128437 
342040371 1034688874 4044386292 1471309547 
927732586 625192746 835516673 4211542884 
3625370609 985475976 1844851123 1107938884 
3881679476 1669910246 1758163739 872310986 
1232270189 3120851576 425126041 350952730 
136771739 3731922761 2001516280 3043755544 
2337409947 3655426152 3955883579 1083788567 
2210518799 964355069 1506764258 3026504768 
2612205298 1416122311 4166079370 1161327994 
1648486638 2433017415 3805079307 2201038404 
2479106669 1836716546 2683663463 1919958961 
3262141968 1995126939 3826556795 1390724953 
501218311 1543590332 2821723817 3316737815 
1075906721 379271392 917071783 724240740 
1164823084 1602401179 1930026288 1789497167 
1947121479 3467559197 3168311622 98789079 
1101935905 511294864 560258206 1631048023 
3864396483 2868901295 488271614 606807299 
458318537 2474127338 2511957215 1229197396 
2024176259 1950165173 2450791402 4253724701 
2852851454 1373394155 2195970480 3090637659 
4110795757 2527324018 878881764 1829269578 
3182389645 3185699964 3217589324 381871234 
153559218 2212308597 512819005 2110987337 
3091085794 1327129338 4049735720 973811276 
767993506 3726605114 1947160723 865777598 
232649421 1679819248 166741823 239430654 
155833770 70156113 4255797349 1250042478 
498021204 1311103143 1766828460 1555268336 
3672168071 3778036100 2246768219 1755435786 
2359735600 1333901571 2558482862 170586997 
2132804866 3459545194 2434485673 3296375430 
3870039901 795072174 966799143 2232867632 
303126460 2260283436 1927612380 628438378 
2779306246 3603971029 1206103409 1029891993 
4087724865 2186515464 1340409192 3069967666 
4201702045 1024096548 2517767175 1851342142 
502233379 1430288482 2138402480 3505020489 
3279903260 901215123 949920533 2473882778 
1475676208 2286350921 3067958346 2191034899 
4098440647 3953121553 2785260275 4275827785 
1231724728 2817791702 2613798269 2820705346 
1706290 4081284399 2461136041 777477584 
3460682956 4152543007 3833042980 504558183 
1316293487 2730092639 983138687 2981975893 
1172686417 2181921292 4046655392 2387893606 
2349685386 1118646034 1603388597 2799977032 
1948704685 2290997789 2840488944 2833607305 
3874353778 1583595607 1261217666 2446931003 
1649148080 2996239091 3198019076 1176375331 
1100404114 867558051 1795016952 139535168 
904158836 3491166491 679259865 3137691551 
1191788240 3631008555 2586363907 2058322457 
913800302 339688481 729820772 1966846196 
2148179348 1895613510 999286898 737367860 
2879918201 1822480599 2314039752 3709739713 
3732905837 1041637246 1806696160 2485409253 
573004989 1037414702 2519126831 221485751 
3191151618 815157163 91439517 778431151 
194933331 3523499884 500335944 592899808 
535024344 264423599 1617775386 1071716825 
565914268 2584308963 3510000916 2828665133 
3851646371 685823182 232100006 4069716877 
3560321137 867951558 3771045857 3769443537 
2968704683 1064341976 3026675991 570095047 
3910478279 3503640962 3354258942 4198394276 
2102339619 3766453366 696534914 811939621 
482799091 4232406157 460528884 4182811944 
369815472 1458215676 2981298820 604625614 
1709044648 2698726272 723690791 2655057018 
2308732954 1519780509 3726029144 1845586192 
3196815932 3407836728 1517274449 667346375 
1190132101 2321976985 1511898309 1378898376 
1320903828 383535048 3438323772 3809788941 
3610833652 2709788336 1363383818 1208633447 
3083250593 2579169335 1231108795 1053616493 
2743835053 4238792574 2696678564 3808657659 
1363418586 3672372429 4251619066 4222435373 
2286880373 566948834 3121170972 1839846294 
1928874694 108562065 2338050057 2553705026 
1291590542 3736961117 1357626892 3319472310 
2206199971 419726890 1000194469 551155411 
2888122505 1816485403 2439604513 3968456907 
1663147874 1352560137 1307516001 2011493739 
4029297295 2488696447 102086837 3211403473 
2329332914 688319652 133507878 10481138 
1712764588 571338884 1689369915 3021356808 
3012662117 3081649158 2501368189 2329800220 
2966909738 2531240743 880502110 405132801 
3288806665 1718163913 1863711011 2537772327 
1450645119 542605075 2233066095 2256613007 
146836122 2051910254 612652740 4112415428 
3962334036 1947116178 3211907807 2710900306 
1924310860 3451585656 3126609622 1416472567 
2238239652 1683433303 1169045091 625414699 
1555679975 408779686 4048643921 3888888081 
2176745088 541536429 2588361229 4122905718 
1127377164 1588373149 2279837469 2574154224 
556831268 3748958219 1655716427 3419360536 
1786149358 674686112 3269853631 4235799925 
1314861830 4116662096 4130514836 583315732 
959320146 2585304372 3322068307 2712606366 
176859484 2228641974 4179456204 989117471 
2489011445 1559778803 2837779049 2409611445 
3814243620 1102274063 4068411816 1004512718 
2800708585 1273176685 2280914109 75771123 
2437069330 1651049447 1425252670 4235936166 
4169333077 1551579792 4103951681 943595671 
3654596176 1836218990 1385426342 1790736565 
1271118140 77000249 3463686923 2853979087 
3999093835 2132403749 1383000345 3155804445 
1473076929 1497573030 1751834954 2824486173 
1221766360 1377774546 1817533166 1930340901 
408117274 4107965351 4043183436 877852032 
4294255719 2224919343 4289565970 1699948548 
3183585418 1374286002 3969225106 1617647742 
3018382090 3077092268 898589718 4203527379 
2325877920 4260624402 3027145891 1286555020 
2883617417 1555985990 1059491644 1142380052 
307373849 1847984676 4262127977 385491693 
105462342 2952803295 2917506830 979492475 
2616598113 266527228 2643925660 2499123452 
1654849600 717155582 1558593231 3906974368 
210687051 2957154474 2265510082 3905398122 
912719592 2234854793 2468846860 2710059581 
3493155930 3862275544 184869584 3121104802 
3689533160 296773380 162661472 220446505 
1984923844 1122546402 2333626596 3006439991 
1337236846 1566804508 1837845581 3201050227 
3041618275 94268470 2638157137 2722188926 
1802145248 1954902698 1582654283 2267361008 
3813729705 3963701308 1297760507 1487476904 
2792795362 1722846609 1933609575 2048376617 
2218038995 3039377539 2992416020 1602983296 
111500980 1973924798 790117565 987207563 
1238118323 2274533691 937988540 1334437421 
608138660 3898722341 1844572799 306492834 
1213116015 1822589765 572558532 236478663 
2613137014 2939781428 4079814944 3441004091 
1547038189 2041375249 86557100 477111193 
3696411375 1316133216 3424954611 1979226845 
2271289481 2306634969 4169722365 3688078961 
3626010888 1904895810 587139328 2997114672 
2868220670 1124411031 2847276793 4019112364 
3685071949 1532495388 2704725130 44011037 
9938585 1381911846 3889296996 3008155052 
2219152082 3152956090 1796323448 2927351868 
4232436723 3304970224 3903339929 2511103041 
1321054369 372506354 572937549 322703189 
3683008974 3424517054 3761143895 1810155651 
393594985 542755233 3351691267 2108832804 
2788751513 2725781707 264805574 2400404423 
1323674213 4176835246 2267969588 2757820043 
1816563498 3082061470 2389586117 4033753105 
741152975 1871081250 354948805 2313011573 
3873966573 3557050498 2195763367 3443482394 
2319670905 4209049349 712222232 2304304506 
3765939144 2301387062 3462727003 3502354316 
1444632048 1183557080 1930116824 3868870076 
1865498316 280978401 2237461520 2260745613 
2660488411 2358586428 2864194425 299181698 
1439385304 2796325706 2404301466 220369363 
2632823716 2382726796 3924224711 3258168969 
375326184 2515710561 1071867710 2020475344 
1725484060 2291790594 2462779969 1686493705 
2835588474 2706776681 894090402 1591169262 
3620193701 3807775305 4086092877 837986212 
3762004346 2816745185 2169208870 2568142929 
2238807100 259078395 1243129082 2381522002 
542787532 63442624 3159800693 3474945588 
1873591024 3861467686 2022225933 2511864048 
715673604 1679645281 4141366076 3576737123 
799999273 171165072 4047610084 1285388460 
1473755842 757180163 1962374608 104411346 
1051077981 568918666 1827219798 1982299127 
3884604645 3301052297 4029612670 539384773 
3551686675 485534327 3118098547 3265557629 
896802154 33138684 3810114380 2481454819 
1205935323 1088707531 3810416313 3743106274 
1454465089 4253894620 1468875730 3581698043 
682460617 2045823265 1923494417 1852350631 
149317844 1142805502 324764147 897547817 
754760480 3234473482 2516772329 591560188 
843373275 3545658802 4040047756 3082864273 
398092930 2502489911 2529461379 2201712988 
421922690 1176321571 4145082377 3879525371 
3089062857 2357245560 2956356098 2609108695 
4089045206 3020728543 1848046545 4123451079 
650042504 1550561326 1978470534 3828476889 
385566944 95816527 1350316141 3532758671 
4006227843 787033243 966591548 2772483253 
3041704547 3113592717 725018050 2704952391 
380154790 986864413 4021327805 278780447 
2171211812 1123747708 136464532 963864474 
3414924791 378980302 3457035180 1762301150 
1956977911 916163983 4077272237 2642273406 
1273809475 2760761518 1960139517 2041581393 
2245153972 1266325614 4080873527 3910749538 
628025344 4107046996 3822332630 3219330406 
3033941071 2677803491 4066186641 3151267945 
3279832739 1163727021 1738303953 3842509108 
166036610 2778901643 1477214735 2243931892 
3039668365 2965923490 1195826154 228401221 
975688459 1701821329 2353821805 13760877 
1560226896 3709912560 4056574688 974251371 
2393619482 3619985916 4068525400 1857063846 
1965877453 3121325661 4257778019 3595204164 
2371474575 2200794888 325542951 1002931433 
975348866 1803496774 39609539 962644060 
3659301500 2751110889 1014483723 3398770767 
4138641407 3193806885 2765956138 473159096 
2727169717 3956791202 477482745 1023681696 
1952643894 3098750829 868044903 4000362363 
2622288456 4062025914 4055548502 666532530 
1005064517 3992126761 1321259883 84848546 
2378548401 805652055 4161040296 3786297247 
1490547558 2435051789 3624585683 787542650 
1794578146 1989087178 2632439189 2281441363 
844168829 3273241063 1527222778 1250938343 
1052534377 241779427 3674998655 3460717230 
2967491540 3078018235 2848151720 1169146331 
3230222314 3805660177 248201067 200864883 
57667432 2713087914 1435032467 4025145177 
2560169077 1902091136 488289341 3939820089 
1436765711 1815320709 2211333538 531106329 
163918451 2647379293 3457967249 1414977933 
4127664201 3979794734 4165048532 1499214168 
183545171 2354312684 733392274 387280875 
2857680302 1815542635 1170963474 2884895865 
3991691551 3083831716 4282258486 3542144978 
2397125145 65180062 4294205606 2377757920 
951935257 3645026291 1206488269 985024913 
3778476442 4075714389 1875456694 2056035128 
1382017602 1324763525 4030457818 2900364228 
425090787 649571895 3992231715 2408830931 
2668979796 3987745353 3793923086 2665516929 
213290110 3821280348 4127644937 4027704038 
3307038087 2443813974 1799394467 2527167397 
1902555476 1483543130 2515546629 569686383 
1754401892 4184471336 1250700121 1818931825 
293137006 1844198432 1130564827 1108084899 
673602958 3827015165 1146989643 121114077 
3322884912 3535487692 3728175379 2893675380 
556486697 3235085922 2465801901 203068290 
1288322077 2735897585 2111979406 2291279502 
369853255 1685138116 2636554109 3898396010 
3071330939 2422947522 2106799616 2971744210 
2679075624 3164857468 831313627 1013148621 
744279347 485360285 391939261 1879775767 
1893812860 1064349737 3976986954 1551577307 
3823422743 4055819619 1146128887 2979952289 
2510186196 4271898736 2116981316 349006860 
1641985018 2171353322 1613177670 2984361843 
2124292849 1480823137 727485040 713839685 
2780848145 12568503 2983234131 2359978724 
3866303689 3484724393 776158995 3326249713 
1623022692 1518405920 2969943944 2761088353 
1033302878 3088957770 4014161409 228581582 
3201772303 3580030759 428051280 2966598272 
257051163 3981613413 1670073380 4134772640 
687059542 3069262726 890048991 2981755872 
3316445700 1218939928 2914301642 3656041646 
2842517329 4159881608 528188484 627671382 
2879501186 1064587661 767674470 2876590143 
1517230945 4015144555 2136257702 2379589211 
3603405834 3654180069 1061893268 2946942762 
851470057 550590583 532502561 2351371651 
2552470477 1151403361 75235357 2657390091 
3416357688 885953438 1603884764 4280275235 
1193936189 331106229 2894517622 2322710978 
756645757 2030598902 2445496416 1818294910 
3080230261 1427485709 2463073191 3956068453 
2022447616 2718465338 2618985890 112951380 
669995136 486070343 2305707077 518662027 
519431841 1473919539 3796347536 757617727 
2324779225 621056691 2863606583 2433496822 
2533420464 123017759 1686776121 2655468292 
2385545429 2701556370 736876299 3662340829 
1077492935 1655086568 3042867195 2694397339 
1942685826 401426073 3734534489 3725221791 
3365664880 2769695696 246954081 1179313722 
805831489 1897910827 3935845165 2757081735 
2977025537 877168643 1156849109 4081823810 
117808314 1734928046 2552420471 2152921738 
3069038938 2992821156 2030513745 685252785 
3895648900 3500742779 2136984930 1498599831 
2959719225 3078976357 2605554117 4057532323 
3869987509 3841275872 1334801267 2347919225 
2175368047 2213994095 1662933973 1870375646 
3337646351 4230470175 3935034694 1291049088 
689942657 3049097662 1012341891 3021883970 
649794831 2623783554 3220537653 2505124025 
2877415154 3034611773 3199006189 2315000065 
1381032493 2586962250 2570304728 1136638213 
1226704541 2286900382 2417603490 511966323 
2508925746 2083924553 638382496 3959699570 
4184681997 2230147150 3461599087 232786906 
2265442831 3614094692 1196068049 4290192202 
3317899278 3683266876 1735297095 146984375 
2874612066 569466752 3588411970 1729491609 
3058456076 518570579 1195039980 795425168 
3244293403 3953441280 412680366 3219236189 
2891128820 785123378 1012957855 2624268455 
3204465166 1923838768 1347541895 290087221 
4020652096 1936216505 2338077918 239208665 
4145016004 1933951277 4218722645 1011979672 
3339800841 1248774014 3313896226 3859461253 
2214662172 2363812296 1974291137 2948768558 
4070225089 1433046950 624898442 38965745 
2781114337 2313538419 3162969321 4208693389 
122922503 2485268500 1851860306 439707582 
3082432088 331771439 1126000755 2400771122 
2059359142 2726292438 2383320276 1445300768 
1758840225 1229709434 781773922 2263101057 
744740821 2505256404 1896908764 3801567810 
1614460534 1642211086 956915230 3124460582 
1067591143 1114187815 3976149454 3280035626 
210774495 348492198 3876094021 77579321 
360346289 2317223147 1353929499 2379483281 
2024659810 112156537 3744428739 3960301030 
3973080815 332908394 3072948612 126844857 
3569549347 3403407351 1242995733 2000848741 
1521626956 3740181024 2053934867 2374866414 
4270704559 909306411 4213797465 1452689129 
3382549129 3706686940 4117156525 1443013623 
3386138821 1381920704 1879830915 644006447 
1139586353 3007069004 1793759122 415476048 
3206570815 1273113882 3243565818 691277216 
4249308494 2242059864 493914541 3128058598 
2264935993 870393042 3775077706 1905324601 
1246992515 3369830668 354081706 260237295 
2706297714 748857301 3167196567 1735259273 
2862812241 2824739961 208946805 2755924701 
2508733834 4135159171 545454777 68383189 
392937573 506155319 446559437 179957411 
1164857993 827946434 934166284 2779860324 
1034537665 2899200068 1386971325 2101585587 
1663542874 1683090221 3684021719 2988635922 
3594333355 4184523420 1324448181 2056619158 
2552363260 1027440679 2831369562 1673676626 
2698887830 342781466 971248290 294631520 
4255921647 2185173877 3122500208 2001491483 
2723409222 1666660415 2032300164 2032022341 
1571417535 3407134652 3574102046 3181264274 
976942455 3214212417 732001616 396337949 
524637870 230021093 398507892 3622567331 
2908887086 4013250951 3765464680 2767186799 
1843308371 3027233265 1300834313 1137470250 
1368466972 151007418 3193751996 1198723266 
2507948720 3993397357 1387447449 1639315402 
556452714 2664895416 3069051341 3640327059 
3638835933 233359635 2769992830 1241425398 
1914373557 2630395300 589663154 4016280615 
3705626983 2331761454 3716058045 3661496399 
3750429862 2222187310 705143081 2859536669 
166062244 3226122744 960674205 4017154196 
1877048411 1403866391 1897008241 643524880 
477985796 4206655166 3425936202 3941030703 
1443724637 122323364 4259507363 1433753959 
785842762 2944580753 786465570 862155656 
2004461350 1883556053 3091319043 221673577 
3409917464 3493728581 2444063858 1772633068 
1512951492 1172098421 2554560384 836157639 
1016654983 1499613812 2132062463 1395654751 
2740874926 2228725771 722850924 3261394933 
226649890 3420192070 267731734 1322494825 
2610516489 1854027636 4154079263 617549346 
3715773757 383846927 2120007925 4047128274 
3118980253 22696239 2307521444 1681900376 
3743162295 2015611298 2633823045 3104071001 
3142230641 665399204 791961644 793462976 
3182508472 1480277613 4011593012 61630156 
298001618 3764995094 1894916073 549158626 
1816203503 1423592905 531216340 1136849381 
2701897318 2535738556 2818620287 129003495 
2532133960 3420160969 1537561770 3803612116 
4163597889 349984034 1405612890 4063128311 
405904578 4202897802 162505848 3863024745 
1142982805 2593948350 4030245080 1929211823 
2897035152 2812420778 1921493741 4082376199 
1351011864 2633773911 3379660211 2927210156 
1164232669 433394896 4230926048 520395074 
2021995130 2448515786 394839091 4005123311 
3314649914 2600594309 3328827090 3275398480 
1946869700 2196402429 2677200007 596754454 
3955359240 2692090391 2362531672 1841380343 
2759029201 3399280411 4217761779 236258648 
1621142712 2972786673 3399923771 3359819455 
567958205 1904799657 2968546499 557698364 
4100009148 4064152525 3629959825 4224934919 
2175883473 244494122 799005268 740260068 
642661841 3945160228 465812637 3307776315 
3620314346 2269077355 2283754437 3669875944 
1519553176 3991982740 3684735129 394871646 
2579472812 2942988065 861295608 3172338306 
2048722606 1548228010 614635232 1673092862 
60210341 1583879016 2439518450 1574530446 
1005423488 4054456778 2099259396 453145601 
3033931490 1532079849 1546771463 2992458538 
4157499134 3985410393 1289993195 311864521 
1149150525 1153240500 2455678062 747534146 
1284825356 3897113014 2340975529 1429277954 
2486028159 909547970 3294411834 4074980302 
3721833017 563584697 1092964463 4199403182 
2908688964 4130772834 2318162287 246870364 
2101269522 908637556 1391370142 1459900316 
806491626 42645034 1877302012 2730230174 
1901966849 1200111555 2743292541 3963148458 
577956148 4164375155 565905181 3431926107 
2468295743 3272226579 564146228 2424407948 
1188657540 4155030430 663465166 3051636033 
3344703123 2201020001 1337277656 3899122391 
1508832566 2730900275 4164708480 3771542280 
3204072826 877271024 1711070114 2202543777 
1480591139 1874576543 2723204060 1645420624 
3730785373 4056442712 1128427681 901881189 
2469451128 707757301 2968617016 4039151081 
1452737486 4030532833 1430587612 3081945672 
2241478153 1075093550 2226817547 3352280063 
2669257639 4259443412 1300835847 2851528405 
1136897967 2248269382 1376787777 3748474261 
3560760982 953614617 2935511551 2493209272 
3834004723 2390270818 3317828434 2628556406 
1920617229 3936730348 3154069967 1329507521 
2108320140 3639209852 481364382 3404043656 
4084738741 73636627 201375015 3005468997 
1176505393 2158879776 3149615789 981715011 
1590812791 2780357335 770706214 476044710 
4102860099 1954485036 1572804785 3887865510 
3676102349 3620895808 2192179601 4197670505 
352042992 716961161 1572394201 1798999233 
418650073 710056476 2889013174 1389090859 
2183826740 4265236330 3774824277 4235453186 
650940262 715049358 1925194615 188497114 
3460206770 2408151289 326261572 313986105 
56955224 222980586 3828515565 3158317925 
3253495272 3740208725 33822112 1119389835 
499951819 3614136342 2738846504 2555605856 
433321389 4273508064 1370804232 3245779318 
2438939214 2989454449 1912621465 2672962694 
3222129954 276920220 1871412717 1152944736 
233710761 3892463625 2212349197 2967952407 
1383096367 2858351676 837912833 1172512375 
2136897327 4213223593 2588053954 1008409748 
631779518 1444961456 23286209 581125767 
193992395 1458235234 1393526372 2222104098 
3258831503 2269700135 3083959660 354433294 
2008153777 215326515 2440553355 3659229999 
3850220611 4031091643 2303707444 4219904550 
1699602582 3878216753 3106155420 104099176 
2739745837 36125389 779282342 644963128 
3758594749 409003473 3894884013 2252446603 
107144992 641034521 3345971947 3942547441 
2942301399 3346382713 232330691 1205709653 
1534984085 1342184613 585769190 2069974587 
2885554272 1459779130 4017351884 28701826 
132115458 3188236818 3495160711 2084789151 
316048259 1983534652 1090472087 1373036553 
2109642815 2165225619 3599094717 3685261559 
1842665570 3964805399 2746206098 1355179046 
322717645 1115294249 2812720026 2453717176 
3992633831 1995287227 2210910434 2402160963 
2009615465 2841013220 1405735573 136681446 
3179113668 3907405802 2688717858 4227144587 
2389913402 515205367 2975570239 96425505 
196006469 4120319123 3399241482 2434838433 
4006616190 587354281 2904793708 3780098139 
75519760 4031709146 228908527 3102584465 
2760454651 281836138 534436351 2518295604 
3261111533 3307455004 1659355118 1479010117 
1362635725 3794840467 1008835725 282323500 
209499106 2466219593 358396784 3279884422 
1672760874 1124992239 1005823305 2032370991 
2203849525 957585632 854987447 1652649418 
1699061693 2376427486 3359393107 728542425 
3605804640 1365057058 723133963 2250634885 
2251794858 677932543 2626008575 501145157 
3481127073 3016971631 1755674707 2251085832 
3001639226 1137944448 2272548324 72312700 
668629708 677630871 835606443 4013787701 
2325470033 1215386819 2882227187 1583310732 
516057944 1971778063 3538309067 636070077 
4133917428 2317677390 819629207 3003565251 
1685798655 4021781550 1634926417 888693924 
2986869728 136407124 2018261038 2123984624 
1760645186 3769948372 3358031799 2447942982 
2357820925 802824581 933190140 3736461788 
2586816946 1090241717 32648591 3283963503 
367434713 3598146116 3160053126 4214057465 
420916661 1212922240 338942176 2383547163 
2185689196 3019069582 639632691 671673370 
3446757442 3260274005 735840653 4079193300 
1850147862 2597757784 2107410567 3169130414 
979722714 1265712526 1239100972 2770613033 
1049380702 2552597947 1094234206 2347080035 
3747951206 563892609 4005094999 2656465147 
3566117038 442105467 1286114120 2778547607 
3944415253 146158085 2127668107 4029144450 
2958872504 16568051 2894185135 3621190565 
2302939788 387015657 630550878 1418663222 
3912194774 4201916560 3514126635 1939663839 
2300148350 3332446398 2013802276 1928465532 
293521109 2355854375 289303683 418633938 
1118803921 773956132 2920205233 2902060522 
325739040 2722015689 2511354190 2524132872 
2091011599 3571452809 388640019 3759181899 
2057895973 3499426538 2829037732 822893629 
1426053578 734672363 2396620456 1614403752 
2377806866 1947899591 2844887748 1499412142 
2201970865 517576512 1457348869 138849919 
2751402873 345303261 693951991 291588870 
3996587141 1757870125 3670560499 1179501187 
3856923413 3729463257 2873718464 2492889383 
1720143363 257471622 1893223581 1771343945 
891680672 1880232787 2841050299 2896806842 
3442986293 79410328 696530873 1935924276 
1861362330 1257148180 4026621124 2005978022 
2944285662 2649604852 2637715964 870471170 
3833284035 749755806 4286656587 1740060061 
3567271918 955334475 1567196755 3333619751 
2609244247 3456320755 1361234078 1018358530 
682732153 2722598779 1738893681 189922943 
3618655725 4205569434 2806228293 2807613656 
1111136721 3465862130 2296913972 2934312499 
34976918 4060281620 4186604860 2616358920 
3025839153 974434344 2182601103 4225342148 
3303636493 2079712196 3097442244 3435783931 
5889861 1332574129 472628102 4021877137 
99834162 3566079433 1472788643 3047001482 
1266270352 2764893200 2794862263 849540217 
2516239015 1375505049 1642718007 1565849654 
1000158445 3163668494 316306919 173855905 
2227705298 2678690754 4119592177 519352060 
4111438374 966864836 4247217829 2618260189 
3784449368 107051470 2629908360 3365979980 
4257642101 3347794997 2071536010 4268848478 
1266343371 3566749955 3589599456 694933594 
935649211 3224001026 2394279814 4117006870 
2671909198 1921726818 1224364471 2450558707 
3955377869 4157200564 920984387 3827972041 
2904333443 4184747321 1574751149 2972819499 
3433594216 2445619629 3942909173 3599162498 
2032098549 782477147 2350267057 259115479 
2068392067 2717447627 313987441 3421392801 
613591622 2546710528 3084928666 2181172696 
643222404 2016666320 3500234909 864243127 
3197826784 549561333 4041069333 2775016494 
189250439 4159801468 1644759327 1674291730 
2551377981 3914686005 3296452599 996049805 
2470942439 1324758307 2763284368 1809346593 
1908169355 1485093575 3105251582 2926754189 
3224068430 2312215191 22439404 2958521062 
4276755878 3075209126 541425514 3036921554 
3512918348 3174637293 2534222626 3451586911 
2978644480 1077536957 292167424 3394177114 
217153224 70356053 2147229856 1752460846 
3517795572 3345339153 2899167786 2868324245 
3129015767 1490854387 987519904 2310866186 
1771466745 1668729692 1077685732 3918458858 
4225461940 506401255 1111036335 4016546226 
2480383451 2192232604 4259126900 1105673313 
1807216748 2224043794 1593974500 4177334240 
2857659308 1484994326 1108347382 2584694653 
1369717751 3180944144 1144077662 3497391725 
261882325 700349621 1283060370 1736112881 
2050954723 2154294455 1209046770 771874768 
3924394276 2911865282 2862504974 4089937648 
4183628558 1938626159 1658779420 3332807320 
2619968267 481717440 3783939797 4230842994 
1984943615 515763837 3333468155 2658113918 
1348611342 3917227177 1600724956 1816560190 
639161246 188030703 1533194925 3470656810 
1217428134 170466460 2170157538 965392135 
2917199161 1256391666 1465842613 2353301354 
2610614410 3895857608 4050346814 2363267933 
2076415522 462061602 630983811 3622424923 
442237449 4088388827 204115985 2839480752 
2723389114 3219112764 976822062 4006219768 
2622275136 194988261 2669067388 4210393216 
4162980545 3249552667 3575884343 2887211019 
1978158442 513120615 1628107194 1708030267 
2453715717 2704959664 3041492005 1626424317 
3507736901 3075091540 2472834243 3370759111 
3279892164 1894026623 4171521794 3556816851 
2928486776 2558817990 2172907683 614456460 
2587126350 3556893048 4052820905 2078849350 
182202983 104970613 486377157 2892983973 
3461516914 2987809208 2395757752 4097604441 
482571764 2557790176 1446230146 2058420909 
1662597844 3181127240 1389169241 650006057 
1878042570 1771905097 52727760 1582699203 
1425582319 818150446 4241211356 2760368086 
1098227759 4077479398 1372192229 3492192929 
492525712 3521428984 1390621853 2057812361 
2601205780 442793620 577175131 4088230765 
2481135863 2225927123 1212797786 1005725909 
1397969125 1387766775 520524513 2201292708 
326814758 2183626199 2459536738 1388135615 
1545453958 661809702 1318972625 3139400983 
1544390844 1622374973 2962098476 4004172539 
741146749 933783035 1586273006 1637032911 
1460199666 3431064521 2018520558 2830446990 
4285094188 3139095801 3358973349 2692208970 
2158102757 409214615 1172081214 3231927747 
2077549421 284934351 3301530986 2811810699 
3310960966 1881611907 738392658 1567732166 
569823500 2657098783 1126374511 287919691 
3301093426 577265852 4268842154 2941990847 
1681214188 1835125533 4169433747 1691653366 
309805139 286010100 3962758393 2094997350 
2453464613 3619697569 1993612830 724855775 
2706911692 669195822 3836175642 2965365856 
1901597746 2391826220 2583647439 2602911828 
540045070 2465560797 2710810884 3517953827 
3099139468 673024577 2543176568 2492286755 
1054573888 4009217144 2306831298 758259567 
496841668 2462793593 4000003598 973282032 
849875474 1615926962 1110886014 2762414169 
1830635325 1509505769 260312975 2189964322 
2783684877 3383147968 2107141691 2111061931 
407165347 1445314939 3105854974 4062956000 
761146611 899506793 1243004476 1490622291 
2953406413 1441744748 1319397075 3596708220 
1877514303 407452720 1267566364 1089675734 
1157794705 4248022039 1081959767 30351838 
3069580772 386292032 2932889099 329117724 
3432401429 255261986 2646358747 1558893330 
994421118 1352692650 4203722934 1893097249 
1755164184 985525196 3614868732 3247025118 
1751264295 4219585004 200595712 1196907745 
1053334591 1694365679 797347117 1603053620 
128579256 2807681995 3888241526 3298339381 
2222953821 1999891510 3033655756 2091728079 
2659674337 1451059168 366758747 1619566892 
2600429407 4039638303 3769816869 662335084 
3671024507 2366063527 1893629351 642034987 
215837928 3998374167 3230474068 1545956551 
2887805565 3386262659 967560816 3509526426 
3661745374 1551044855 580326811 3316799072 
1863408628 3048596350 2001066606 2722884171 
627736274 1284577491 1491201520 957643711 
246811826 3629600660 4008677614 1281829484 
1839354006 4267087658 3684082269 3240982742 
1305545051 2838637856 755387555 866709909 
2086496799 3242563727 3467343052 458844551 
2037558941 2544463957 3923143390 2990796134 
2581772464 3887832668 814940901 4117506478 
348406431 2192510759 2689120987 4245021120 
323676508 2376064089 2627160088 2485826805 
2541485382 533794635 3543143136 2358434418 
318595336 2022312946 1676940398 87513026 
1136333161 1220516999 3025457391 3428530712 
3839987325 1071956102 1211182790 1690835470 
3960246535 4080904171 1946811645 3780023282 
5131562 3850261571 867232881 2912937583 
3978060062 637721222 1533362800 4214128300 
3483479408 3129768170 2857231271 4044653943 
3546058628 2511828432 3108726024 1897316284 
2860923478 2364093319 1137207502 733226342 
96992531 363933490 443468189 2333690934 
260666020 3287076916 3185739413 700176618 
3145470101 3586906374 2777931257 2661095631 
481951036 2010579740 2768872582 11375288 
3918320391 1147884910 694207354 1046852636 
717541427 2609692080 1556282132 3666838146 
2391557725 2975559628 313033124 2445382815 
2609256316 2528924456 118599987 3799565133 
4168058417 2534007231 2622524865 3602556648 
1972140309 2504627338 121213577 4220800089 
1991051017 1005917201 460759603 3915860931 
444678420 4226020582 2434154148 835682683 
3348149387 2977985184 2664598725 496789280 
1301973415 1064869174 743652187 1323447711 
1751971501 3430095186 3077270659 2405788904 
1445687683 4074622101 435678674 4147023581 
2291908768 3639112307 2999887089 4132310546 
251109721 2046554735 1597414785 3612656006 
1180009035 2615243954 715084908 3448275416 
3224473440 287470213 2615447133 735509870 
2009199666 3101919941 2884591308 2844232437 
195768640 3037986780 1231296281 3667894231 
2378348661 1879723277 543068189 2769255703 
1633276562 2532456752 1744577954 2800928510 
4254220527 3921785509 1498672967 3809915902 
736321261 4028656339 1948493687 2106753257 
3364312143 3308030226 3699420502 1925573951 
3902241075 3038151017 3458660525 3514077393 
2822231315 1132040595 3866567008 1603330745 
1831880096 2837753862 2193214595 2734167747 
3737648422 2599275723 3356736456 1111811925 
2263503835 1234634246 2054781521 3421935353 
3667097625 137077372 1338878692 3838688684 
1660282482 1964726903 1661303359 3659908875 
4051805500 2028319963 541592114 1334364336 
2894681618 1456720357 3803545691 2562673738 
1949028337 618785899 439117315 2070580395 
4180114669 4186737056 3876871400 2202973443 
1582520891 1354041505 1322231893 1528489652 
1447359869 4214258494 1204553809 2991485591 
91874057 729297430 899362039 2414647183 
3015081930 1598661008 3712035043 154282039 
1236905423 3118107531 3060263785 273962236 
4144259459 3722380795 4178081099 1017324037 
3814617751 2930790668 3793281290 1858536090 
1465382755 1841226903 1414793232 110525748 
2042229727 2961934177 2770379371 2724519117 
1365315541 1264548651 249857509 166924781 
3305169662 1920759935 2920987187 3700760130 
3846564388 1969576461 3804094656 2355793282 
757864416 3045918969 1121202292 610655193 
2201734424 2156068090 3143930959 875906702 
4226066518 3135208937 1692045115 3828658724 
840531925 1374302537 12424195 2428361673 
462439327 1478703440 3984665520 2875035283 
2494221491 1627450258 56951425 4172541518 
1539866354 3038736121 610736231 3408025815 
2111201682 3079243826 130164090 777600656 
2748294023 2878388061 1387710707 2812968652 
277549935 3764337422 2558463488 3217340432 
2874522191 1282994038 3008322981 737510681 
225851473 2887473763 1671671662 3328649079 
2903526301 1501781318 2031187035 2862457556 
651983564 141073456 942502809 4065392283 
74396145 4195120814 1805102459 3302748284 
3606569638 2731343044 1653188566 2490243010 
4254518697 3440528744 3326015552 3100864254 
3934246105 3323778637 1204210050 4150647408 
4279348089 2968392439 3577060420 4171848997 
3421527492 460255352 4062491509 3575561863 
1673446577 3748751722 794329349 698016756 
1018687027 4151642686 155278246 1146410283 
566550084 376653559 1764987076 2308187621 
542642040 1562358506 3673858479 3060438948 
1460393490 3663199185 1934766502 2394610773 
64078671 517871773 49533923 333301265 
340142914 3454101513 3807729199 3456400755 
1685144962 2280485409 2383013229 1435731805 
702926916 1986837035 4144478308 1221044901 
3318194353 2068026466 4187467910 956534071 
1662617505 991926912 2125758142 2075639609 
2794062794 4220572602 2213240312 389568273 
308511870 3755429383 686009303 211582270 
675411077 275322540 2717199041 3667693650 
2067319675 2078089569 3663966971 3061602324 
1206079853 1552700242 1941946462 2718312815 
1564339058 3429327488 2247883973 2261776588 
4253431974 1044366746 1128743104 754581654 
388077503 1346466988 2062154824 3224946596 
1521446767 3335009806 2187217719 1902705096 
262048729 3895935985 4064946680 3781495837 
1915824331 3451097901 1838779395 2922941277 
355701836 555229974 2677414672 1588017539 
1955229181 2601349590 222620103 1813467107 
3521093708 1916677303 1706796152 456082639 
1005213162 3039908342 3022569553 3877667125 
363231566 1379038212 1915856352 3451480136 
4129764684 801403753 2368600053 1480367329 
1121381391 2280447209 3787848797 1919028013 
2665218911 874314725 2245459631 4187594479 
873013861 4046324752 841589144 2061371457 
1750542662 2658767635 763153113 2976098136 
3680511964 3195167301 2463622783 716724436 
3589717764 2377774816 2982926037 1603753392 
3641535924 538859224 2186043170 3684156257 
2100489542 2620073626 3235257049 3734784471 
4266362324 3342488101 145644890 2711955876 
3185711211 2997004463 387823439 413454496 
1216635207 1547875580 4281592778 4110841990 
2113984025 449049778 2037531565 2861378407 
3432944970 3445282382 1948498938 1399672077 
3366606312 3133904369 48175149 920273285 
857273700 175849725 1823642475 1458023500 
1449013551 1687518874 2447941798 4170520370 
2892457123 319173577 2428076348 3102333693 
2261603263 2610046101 891694668 1501811867 
1599806222 648996727 3169947684 2837203682 
488453561 1400341040 2795728203 1795622219 
3724324291 821680011 1577197341 706556974 
618280418 2018241984 4013580984 2416143246 
1931353655 1687346662 234358887 3464560589 
2276983644 2045668147 1329846513 2194256913 
3330932508 2552692855 4004017442 2822360805 
4066146064 1013428433 3048264124 2224036432 
808191612 3667335708 120159815 3375718660 
1875481085 1834234674 3576180899 372051495 
1084928322 293829276 1350743816 1641436455 
3221983688 3966901912 602446075 4090707834 
722051830 1997770821 2334059411 3361852759 
3235828689 38333043 1792627868 1825671158 
2524404465 672567408 2428300448 2143598944 
4009025012 1541227914 3954557527 567438857 
3340836506 2025114896 3567906396 3611999431 
1356980396 2652617336 2651128154 1977695413 
1890105287 948747824 97800824 3395401812 
3558707578 2485265458 2057237196 971501807 
2425636505 2950604988 3696190402 3825213184 
1464554329 3977684454 815026003 3752904501 
3256249164 1532641124 2344725258 2192213638 
2693830563 321512930 4263002733 3084116064 
718994888 4156317029 4228738965 204738095 
2072934081 1941942287 3849135638 2289904296 
1763416842 1421041062 2521408988 752678318 
3868371428 1508638385 3849913474 3118008068 
48471289 3629157511 1903373917 1272459912 
3737790055 4073532926 2193872870 639585999 
2238232772 3647052078 4156438987 708356190 
3968688893 1605765956 1335121510 3206775372 
3888244227 2593575434 1922468202 503802065 
474291777 623113474 1868430356 2569362628 
95374750 1847457729 3597998887 3315962354 
1287998460 954014907 1795960326 4254857399 
1784478480 3748548466 445442027 3934306814 
117886949 3746698579 1858088350 1730194307 
1632474453 1444857161 2139485671 1838805606 
3671505193 180194628 901032464 1731193522 
1037023288 2335404794 3137292365 127599705 
540117402 2743069270 2979269541 2171067415 
921640062 1830360736 1575028959 3800215605 
377703552 2845593981 2077704462 4059427856 
884977723 4260871449 1837199985 2062423484 
3830194093 892273913 426139969 3887537101 
2562237326 1245845618 4007140330 2243631212 
2931363299 1482036707 3237736033 226477287 
687261467 206896302 4059878801 3284504232 
427519401 2084460041 2773509380 3435326531 
2790500516 2646037220 3154699572 1027406282 
938648399 97649135 122331821 919239260 
293387921 2768881090 2597096811 1718083295 
811323335 3280667024 2010976443 1654337656 
2340286645 3367714597 436225959 3002726941 
3365532398 3738162948 1658076129 2364971553 
3102505936 998875379 2929695360 2440492534 
1449310732 2696805387 3686064971 1342076521 
3042313905 4277313035 1305117563 2587522060 
2344224622 811668669 1823673268 4238768477 
3259327773 2593986063 1709313872 3499601493 
546645186 837018944 771080643 1419235874 
1954681969 1384021856 1187629509 2284373480 
3575532870 737208016 3333490746 4182569353 
3042649299 1893377862 1747570384 2408165911 
3037216258 1827904844 1035763622 2986465864 
3724647793 25495488 1798127912 2828905038 
2800341618 2468719537 2704882962 3631700727 
3998929278 4117472882 3318181288 2325685412 
1714259027 1113714381 2340907134 4144321511 
3003406040 874820158 634823203 3608301377 
3025011573 146842261 3569508228 3976169733 
640803561 3997558903 1439901243 3556270039 
1810485226 1142057030 2276464792 1957602022 
1147241784 3499553639 2963996787 241955893 
4169559272 642919720 1028214331 1699413946 
2603423649 462413378 553295502 1310622251 
740087126 2010047805 1457201866 3079202222 
614208477 1343316536 114637615 2049543317 
1936142857 3199134793 853250916 3248478424 
3206234181 3212328231 1210926549 1893210023 
1747247493 2023743234 3487087947 877138895 
218889482 2962976802 1233604356 2148578764 
3695972248 1811190657 573773580 646042510 
1052609779 1324617613 3840128756 1065750865 
3583972177 3436324365 2824151166 655880458 
338430593 952393299 577128353 2043092903 
981755366 1239641333 3102554110 360392998 
1043695966 874733914 873663314 4039883200 
3384870864 1170505989 607273873 72108917 
1837243434 2440901171 82424875 3728326561 
3930741081 4174093531 4152228261 3460589586 
3401419245 201977884 1133677786 316321581 
1705048008 2290489130 1709892401 460097253 
3365924624 91800130 557911596 2356806212 
434647692 607180218 2345086617 2953233590 
1202184090 816439611 2324883114 4263017981 
4018349175 1415745596 263317351 1638953746 
262213647 1819493731 2501921899 223568373 
1482568208 3692242433 3162358234 93210689 
2804346886 3663201649 3086730600 2321697372 
3684687364 2915034139 3635297633 46455751 
1699855473 712884668 3359926473 3151121221 
4194669584 1653047599 2223608668 1065865608 
489511276 844662196 2447901318 4052799116 
3324869729 3015161910 3307889976 851868765 
1831308865 1601446679 1747330329 1258109893 
1571023824 3147720173 1634013566 1987168089 
2003031316 3146190009 2804210102 2883143095 
1694305561 1942924967 549945468 2341103442 
1268324782 2148943871 2961057535 136920906 
1936746291 616306532 1825647859 2423581105 
1325381465 3657996601 3956111930 115133629 
195196714 2353720274 3027862482 1060961985 
1304706811 2522502120 1050837217 1452375109 
2659609621 2072019887 4254789029 3323075783 
2908236179 143336897 455191966 568577740 
801377945 2640649474 3071223752 2138552688 
3157891539 4024634301 582413122 838970617 
2956621821 2343944397 2685368904 3617335496 
2248858383 3803079325 4180035215 759562828 
1343174360 1906239397 1702999837 4177839960 
99558327 1983250871 1976818047 1154281074 
3589682502 1242958852 3507533705 4167195408 
50734326 3887050139 2881197466 3832390161 
3806542078 198287877 1784392706 1282644876 
3951519964 3390529637 3579071143 44753025 
4157052360 1419071729 1256026947 842068943 
4064845685 1119493663 194465929 1956277994 
1389393902 1731149540 3127022575 3697991012 
2169131911 3798239984 563441569 4026481822 
3700514343 2885290894 917333704 1311908671 
4000426821 718232548 1103438082 2322942183 
3284327192 2494602830 1240124267 3140847401 
2667061944 2361319901 1504733011 1788702156 
2596603456 2796711185 2817279434 1336585262 
2292880167 194305875 1739965713 2146163826 
4230661621 769111219 2624723439 2115398580 
702277233 3938093273 2225954716 260800211 
1948320486 3046960068 1175218622 916321096 
3672024814 2073177762 3817464569 330513015 
3095707857 2750967663 4020405872 572505078 
907929953 290455904 3153178837 157470580 
3822113633 4225760753 3021608594 3223225771 
3180037263 3111701431 320675762 173460892 
3162274672 1977859750 2346851059 3607936142 
4223634630 3855796626 1845132029 2891146017 
3379994138 4076417581 1083222127 3536838486 
3656904866 1617629232 2914093460 111762503 
468609226 2714780256 1147466978 866302146 
2535970898 3619713906 4253698452 1241501803 
675117006 2254579935 1763724227 3236096118 
879551729 3964008611 2250612393 1901869326 
1809686926 547886066 93366206 1760987230 
2187097424 1733418244 3544130599 3434970767 
3269673070 3389794704 132548758 667633670 
2778027203 3705471554 275648476 3108295201 
3460759034 3608369460 1194324327 2392113650 
3974991002 433102156 3643785686 429805412 
322542911 3963997282 237895042 1478418911 
3496824962 3211927464 3139769918 676276625 
2733863516 865601267 3830591059 2482893044 
4226891694 95346581 4290150922 1166497316 
2366187135 302926548 3239742830 3257942716 
3273197901 277492632 357685684 928891478 
3173071287 152760451 504254474 984839443 
223604534 87516003 3711491879 3936672814 
4036114255 275877082 2948177691 2379867064 
107643775 3708205270 2665361506 1846303609 
1139340386 3507562647 1790099327 4096375655 
3375031686 2235642121 3490257370 3608772181 
465452210 3140997478 3708846244 3663590340 
3642962082 2305775276 1719225739 1004928657 
1747586647 3726300348 4257635023 1112341095 
2408894943 1455053759 3085127844 3306758686 
2230414130 1659038995 3934888977 2540853803 
2453334726 209413430 3010242332 1724435764 
4082594430 2660130296 377925723 1989737954 
4096568893 2730279769 488918316 3844287100 
4266795958 3576731055 1797536900 566715400 
4199725711 3557740781 4007950899 3653491620 
701614448 470078911 3128660952 2526806191 
2291402871 595504798 3777651253 602787827 
3682631172 3839180179 2773002831 1552690675 
1387617688 889173910 3647240368 4173226579 
2274499596 860040082 3397362913 3068695664 
2791008285 221848401 4020948802 3333298514 
3875343725 2861058736 1030351237 3577419079 
3510109666 894030702 3862333763 394691835 
1564874591 3602249062 567155676 1420132648 
1957151720 1718653341 2329046686 1845819819 
173989243 4254567567 3776828237 2596981497 
3112806432 2796180072 1329936858 1876922478 
3116292400 511026948 1321016641 3722775245 
498929168 2570639365 2351494926 2887763865 
732471056 882169343 2372681511 3996826550 
291785920 1450946329 2109548520 1035830520 
3803135762 2050471611 3877075846 2093430583 
3532003007 482217069 3823800701 397518658 
1004825573 168655445 2240996582 1556715878 
372376079 2550448536 1277951435 1321689393 
3984757333 1744523591 227257837 501213372 
640791753 4293319281 3224173793 863400367 
1943679376 3281708611 1074106746 335462472 
405946168 752753378 2593733799 3017617070 
2031775060 2570452725 4104651652 1020195820 
1936106340 3673327858 805299685 86804910 
1589267014 815258566 4054588667 1272168176 
3009388039 2352697249 1960337464 2745924193 
3548366330 2391322175 2938063057 1078788938 
525518835 4077482922 2594189674 2483340981 
3509873736 2780592689 1758169269 1176771248 
424879040 1153884620 3756408167 2428318396 
2329041833 2145843727 1342277869 3511189493 
631116326 1781353300 4146224738 1392506334 
4201384833 2083548716 2207674397 992789133 
2405629787 2971987941 3146150324 3514388692 
1552549084 2505468552 3496164378 1254186335 
1382959222 4292140782 146492409 1256341933 
3118107216 4282738383 3380421170 710061261 
3084051163 2278297262 3006650416 178474727 
2608945312 2073723144 3896289874 1240220346 
2124524061 2400142175 3423265988 72555584 
2829635381 3860195802 1820635556 2686242157 
4267416295 276073148 1126977713 2303331518 
2272419015 4287474514 826198353 1040385371 
4019455838 247129908 2921455101 3860849864 
3412106819 1850580826 3677959484 1913565613
